// $(document).ready(function () {
//     $(window).width(),
//         $.getScript("https://boiler-gas.ru/content/theme_main/js/JS_calc_boiler-gas.js"),
//         $.getScript("https://boiler-gas.ru/content/theme_main/js/hot_floor_calc.js"),
//         $.getScript("https://boiler-gas.ru/content/theme_main/js/jquery-ui-1.10.4.custom.js");
// })


// let bigArray = [
//     [400, 239, 304, 367, 430, 301, 378, 454, 528, 257, 409, 513, 616, 717, 368, 584, 735, 879, 1017],
//     [500, 299, 380, 459, 538, 377, 472, 567, 660, 321, 511, 641, 770, 896, 459, 730, 918, 1099, 1271],
//     [600, 359, 456, 551, 646, 452, 567, 681, 792, 385, 613, 770, 924, 1075, 551, 876, 1102, 1318, 1525],
//     [700, 418, 532, 643, 753, 527, 662, 794, 924, 449, 715, 898, 1078, 1254, 643, 1022, 1286, 1538, 1779],
//     [800, 478, 608, 735, 861, 602, 756, 908, 1056, 513, 817, 1026, 1232, 1433, 735, 1169, 1469, 1758, 2034],
//     [900, 538, 684, 827, 968, 678, 851, 1021, 1188, 578, 920, 1155, 1386, 1612, 827, 1315, 1653, 1977, 2288],
//     [1000, 598, 760, 918, 1076, 753, 946, 1135, 1320, 642, 1022, 1283, 1540, 1791, 919, 1461, 1837, 2197, 2542],
//     [1100, 657, 836, 1010, 1184, 828, 1040, 1248, 1453, 706, 1124, 1411, 1694, 1971, 1010, 1607, 2020, 2417, 2796],
//     [1200, 717, 912, 1102, 1291, 904, 1135, 1362, 1585, 770, 1226, 1540, 1848, 2150, 1102, 1753, 2204, 2637, 3050],
//     [1400, 837, 1064, 1286, 1506, 1054, 1324, 1589, 1848, 898, 1430, 1796, 2156, 2508, 1286, 2045, 2571, 3076, 3559],
//     [1600, 956, 1215, 1470, 1721, 1205, 1513, 1816, 2112, 1027, 1635, 2053, 2464, 2866, 1470, 2337, 2939, 3515, 4067],
//     [1800, 1076, 1367, 1653, 1937, 1355, 1702, 2043, 2377, 1155, 1839, 2309, 2772, 3225, 1653, 2629, 3306, 3955, 4576],
//     [2000, 1195, 1519, 1837, 2152, 1506, 1891, 2270, 2641, 1283, 2044, 2566, 3080, 3583, 1837, 2921, 3673, 4394, 5084],
//     [2300, 1375, 1747, 2112, 2475, 1732, 2175, 2610, 3036, 1476, 2350, 2951, 3542, 4120, 2112, 3359, 4224, 5053, 5847],
//     [2600, 1554, 1975, 2388, 2797, 1958, 2459, 2951, 3433, 1668, 2657, 3336, 4004, 4658, 2388, 3798, 4775, 5713, 6610],
//     [3000, 1793, 2279, 2755, 3228, 2259, 2837, 3405, 3961, 1925, 3065, 3849, 4620, 5374, 2755, 4382, 5510, 6592, 7627]
// ]